0010000000000000000
0010000100000000000
0010001000000000000
0010011010000000000
0010000110000000000
0010001010000000000
0111000000000111000
0111000100000100100
0111001000000010000
0111011010001000010
0111000110000101110
0111001010000011010
0110001110000000000
1000001110000000001
0011001110000000001
0101000000000111100
0110001100001001100
0011001100000000000
0101000000000000110
0110001100001010110
0011000000000001001
0101000000000011000
0001000000000000001
0100000000000000110
0010000000000000000
0011011010000000101
0101000000000011101
0001011010000000001
0100000000000000110
0010011010000000000
0011000100000001001
0101000000000100010
0001000100000000001
0100000000000000110
0010000100000000000
0011000110000000101
0101000000000100111
0001000110000000001
0100000000000000110
0010000110000000000
0011001000000001001
0101000000000101110
0011001000000000011
0101000000000110001
0001001000000000001
0100000000000000110
0010001000000000000
0001001010000000001
0100000000000000110
0011001010000000010
0101000000000110101
0001001000000000001
0100000000000000110
0010000000000000000
0010000100000000000
0010001000000000000
0010011010000000000
0010000110000000000
0010001010000000000
0100000000000000110
0110010010000001000
0011010010000000000
0101000000001001001
0110010100000001001
0011010100000000000
0101000000001001101
0110010110000001010
0011010110000000000
0101000000001010001
0110011000000001011
0011011000000000000
0101000000001010101
0100000000000000110
0110010010000001000
0011010010000000001
0101000000001011001
0100000000001001001
0110010100000001001
0011010100000000001
0101000000001011111
0100000000001001101
0110010110000001010
0011010110000000001
0101000000001100101
0100000000001010001
0110011000000001011
0011011000000000001
0101000000001110001
0100000000001010101
0011000100000001001
0101000000001011101
0001000100000000001
0100000000000000110
0010000100000000000
0100000000000000110
0011000110000000101
0101000000001100011
0001000110000000001
0100000000000000110
0010000110000000000
0100000000000000110
0011001000000001001
0101000000001101011
0011001000000000011
0101000000001101101
0001001000000000001
0100000000000000110
0010001000000000000
0100000000000000110
0011001010000000010
0101000000001101011
0001001000000000001
0100000000000000110
0011001010000000001
0101000000001110111
0011001010000000010
0101000000010000101
0001001010000000001
0100000000000000110
0011001000000000100
0101000000001101011
0011001000000000101
0101000000001101011
0011001000000000110
0101000000001101011
0011001000000000111
0101000000001101011
0011001000000001000
0101000000001101011
0011001000000001001
0101000000001101011
0001001010000000001
0100000000000000110
0010001010000000000
0100000000000000110